New,Cumulative
0,0
0,0
0,0
0,0
0,0
0,0
0,0
0,0
0,0
0,0
67,67
0,67
0,67
14,81
1,82
0,82
2,84
0,84
0,84
0,84
63,147
2,149
1,150
17,167
0,167
2,169
1,170
3,173
0,173
0,173
63,236
1,237
0,237
10,247
3,250
2,252
1,253
1,254
2,256
1,257
48,305
6,311
11,322
11,333
3,336
3,339
1,340
2,342
3,345
1,346
49,395
6,401
12,413
12,425
4,429
6,435
1,436
2,438
2,440
1,441
49,490
